matchedPattern,count
H2O,3861
H2A,3026
T2D,2974
C3H,2025
T1D,2022
H2S,1589
N2O,1475
H2B,1425
S1A,1422
—H1A,1295
E2F,1276
A1C,1241
—H2A,1222
S1B,1207
S2A,1105
—H3A,1104
(H2O,1103
—H1B,1083
—H4A,1043
T47D,975
Hep3B,959
—H5A,934
—H9A,933
—H8A,913
—H9B,886
—H11A,883
—H2B,882
—H8B,873
P2X,871
—H10A,859
E1A,852
S3A,846
—H7A,841
S2B,810
—H12A,793
S1P,756
—H10B,742
—H11B,741
—H13A,736
—H6A,728
E2A,714
—H14A,694
—H3B,684
—H15A,677
—H7B,676
S3B,672
—H12B,667
—H15B,655
O1W,647
—H4B,637
—C3A,636
A2A,631
S4A,630
D2O,615
—H16A,614
—H5B,613
—H14B,605
—H13B,601
S1C,601
—H6B,595
H1A,594
—H16B,562
—C4A,557
S100B,544
—H17A,534
H2A,526
S4B,517
—C6A,513
—C8A,513
—H1C,510
—H17B,508
—C7A,502
—C2A,499
—C5A,499
—C9A,495
—H18A,486
C677T,472
V600E,466
S2C,465
—H18B,454
H3A,448
L858R,445
—C1A,444
Y2H,441
H8A,440
S5A,437
H4A,429
D2R,423
H9A,420
—H15C,419
P2Y,412
H7A,411
—C2B,409
H5A,400
—C3B,400
D1R,400
—C5B,395
—C9B,391
—H19A,391
B2M,390
—H19B,385
—H8C,384
A3G,382
C3G,380
H10A,375
—H9C,374
/H2O,373
—H16C,373
—C6B,372
—C4B,368
·H2O,368
—H10C,366
—C13A,362
—H14C,360
S5B,358
S3C,357
H11A,355
—H21A,353
—H7C,351
T790M,350
—H20A,350
—H20B,348
—H21B,346
H1B,342
S1D,341
C3A,341
—H13C,338
—C10B,334
—H11C,334
—C10A,334
—H17C,328
H12A,328
H6A,328
T2W,326
—C8B,324
—C1B,323
G93A,321
C4A,321
—H22A,318
H13A,314
—C12A,309
Cdc25A,307
—H18C,305
-H2O,305
A1R,304
H14A,299
H15A,298
—C7B,297
S6A,296
C1A,296
Lin28B,295
O2W,290
T98G,289
S4C,288
—H1N,284
A53T,283
—H12C,283
(T2D,281
C2A,279
—H22B,277
-H2A,276
H16A,274
H8B,270
C5A,268
C7A,267
C2A,265
H9B,259
B1R,258
C6A,258
M5G,255
—C13B,250
N1A,250
C8A,250
-H2B,250
—C11A,248
E1B,247
C9A,246
—H23A,243
—O1W,243
—C17A,242
L5B,242
H2B,242
—H25A,242
T17M,241
S7A,239
—H23B,238
A2B,237
S2D,236
—H21C,234
H17A,232
—H19C,232
H7B,232
—N2A,228
Flt3L,228
—H26A,227
(C3H,226
—H25B,226
H10B,223
—C12B,223
H11B,221
S6B,221
H18A,220
Pro12Ala,220
C2B,218
H15A,217
—H24B,215
—H6C,215
-L264P,215
S1R,215
V617F,214
T1W,212
H11A,210
—C11B,210
—H20C,209
S3D,209
Orb2A,208
H9A,208
—N2B,207
C3H,207
—H2N,206
H8A,205
S6K,205
—C20A,202
Paf1C,202
N2A,201
Rab1A,200
—H22C,200
G6P,200
H14A,199
—H24A,199
S5C,199
C10A,198
H3B,198
H15B,196
—C15A,196
H2Bub,195
O1A,195
H16A,195
H12B,193
H14B,190
H4B,189
H10A,188
H17A,186
H19A,186
—C14A,186
-V600E,184
D3R,184
Val66Met,184
—C19A,183
A9C,183
S7B,183
—H26B,183
H16B,182
—N1A,182
M5S,182
C3B,182
H13A,182
—H27A,181
H13B,181
K2P,180
Spo0A,179
—C18A,179
H5B,178
—O2W,178
—H2C,178
U133A,177
C2B,177
A2E,177
I3C,175
A3H,174
H6B,174
—H3C,173
R1H,173
—C17B,172
—N1B,171
C282Y,171
—H28A,170
—C16B,170
C4B,168
P5C,168
S1E,167
C5B,167
H12A,166
—C16A,165
—H5C,165
C1B,163
J774A,163
N2A,163
C11A,163
U18666A,162
C8B,162
O1W,161
-G93A,161
—H4C,161
/E2F,160
—H1D,159
C13A,159
/E195R,158
—C14B,158
—H27B,158
H21A,158
H20A,157
—C20B,157
S4D,157
T6G,157
C9B,157
H17B,156
D269H,156
C12A,156
—H25C,155
S288C,155
C33A,152
C6B,152
H18A,152
—H29A,151
(E17K,150
—H29B,149
Gli2A,149
C1D,149
—C18B,148
Ric8A,148
C7B,148
(T1D,148
—C15B,147
Cry1F,147
H7A,147
—H24C,146
—H23C,146
Val158Met,145
O3W,145
Spn4A,145
—H28B,145
-T159A,144
H18B,144
/H2B,143
S6C,142
—C21A,141
G2019S,140
G1P,140
Cbp53E,140
P4P,137
P75L,136
—C21B,136
—C19B,136
H2A,135
Src64B,135
B2R,135
 S1A,135
N1B,135
L166P,134
Sig1R,134
-V617F,133
H1C,133
N1E,132
S2E,132
(S1A,131
/S1P,131
A30P,131
T1R,130
M2M,129
—H26C,128
K103N,128
S8A,127
M11L,127
H22A,127
E46K,126
P301L,124
R2A,123
T2N,123
V6T,123
—H30A,121
H19B,121
Apo2L,121
G551D,121
C15A,120
H21A,120
M184V,119
(T35N,119
—O1A,119
—H30B,119
C2B,119
T26A,119
S3E,119
W4P,119
A238L,118
C17A,118
C10B,117
D417C,117
H63D,116
H3A,116
C3B,115
-P17G,115
/S248A,114
N1B,114
Cel7A,114
Kif18A,114
H19A,114
C14A,113
—H31A,113
C4B,112
H2O,112
V86M,112
—H27C,112
—H28C,111
(V600E,111
N3A,111
 S2A,111
H20A,110
H15C,110
S5D,110
—C23A,110
S1F,110
V600E,110
H22A,110
H21B,110
(S2A,109
C20A,109
P6C,109
C16A,108
N10O,108
H20B,107
B16M,107
K409A,106
H6A,106
-C156S,106
H23A,106
S8B,106
H25A,106
/V10K,105
M1627K,105
(S1B,105
S9A,105
G51D,105
—H33A,104
-K38A,104
C19A,103
P48A,103
O2A,103
O1B,103
C13B,103
C11B,102
-U133A,102
C5B,102
—C26A,102
H8C,101
G20210A,101
S3I,101
G3P,101
H16C,101
S10A,101
H26A,100
F1P,100
G217B,100
A1B,99
O2W,99
T315I,99
 S3A,99
T2*,99
—H36A,98
C18A,98
C6B,98
A3R,97
V180I,97
H15B,96
—H31B,96
O1B,96
/X11L,96
—C22A,95
N6A,95
H24A,95
(C3S,95
—S1A,95
H9C,95
H14C,95
—H2W,95
M4N,94
K65R,94
Y402H,94
—H1W,94
-Y527F,94
H10C,94
T1L,93
C10B,93
(S1P,92
D172N,92
-E2F,92
K1237E,92
W3C,92
C1B,92
 S1B,91
S7C,91
C12B,91
H7C,91
-P1A,91
—H37A,90
H1A,90
(S4A,90
+H2O,89
H11C,89
H22B,89
C825T,89
 S2B,89
R555W,89
H13C,89
—C23B,89
-P301L,88
—H30C,88
—O2A,88
C8B,88
(E12K,88
-D2R,88
B2M,88
—N3A,87
F6P,87
K2O,87
C21A,86
A117V,86
N2B,86
—H35A,86
S165L,86
C9B,86
—H32A,86
H27A,85
H23A,85
—C25A,85
;Y35A,85
(S2B,85
:H2B,84
H13B,84
R132C,84
N370S,84
:H2O,83
H17C,83
R21C,83
H25A,83
—H37B,83
H4A,82
—C22B,82
—C26B,82
D816V,82
E148A,82
Cdc25C,81
O3A,81
H16B,81
S4E,81
C7B,81
H14B,81
—H3N,80
R577X,80
R222S,80
G894T,80
C4A,80
B6Tac,80
R5P,80
H17B,79
B19V,79
D3G,79
Q640X,79
Cry5B,79
V2R,79
K44A,79
G230A,78
—C25B,78
—H29C,78
C2A,78
—H1O,78
-A5A,78
R1827X,78
—C3C,78
H8B,78
L860P,78
R133A,78
M3R,78
L858R,78
D30N,77
N2B,77
S6D,76
H18C,76
(H2S,76
A3F,76
H11B,76
M6P,75
/Cel48A,75
R2R,75
H10B,75
H28A,75
S7N,75
S3F,75
—H34A,75
H12C,75
 S1C,74
S9B,74
H23B,74
H24A,74
D4V,73
—H31C,73
L1014S,73
-L31I,73
R1210C,73
S370P,73
Q192R,73
L8S,73
H9B,73
M1R,73
Atg2B,73
B9L,73
—H40A,72
-K269R,72
[H723R,72
B6J,72
—C24A,72
[A9C,72
H1N,72
M50I,72
T1F,72
A291C,72
—C1S,72
C13B,71
(Y2H,71
—H39A,71
R263K,71
/Q371E,71
H1R,71
(S3A,71
-E7P,70
-F204S,70
Q338H,70
Pdx1Cre,70
H25B,70
Y716G,70
H24B,70
M5T,70
L5P,70
O2B,69
C3A,69
A1E,69
C17B,69
S2F,69
Q199R,69
G2M,69
H5A,68
(B2M,68
K1H,68
G12C,68
—O2B,68
M250P,68
/S252W,67
—H37C,67
-P2A,67
—H32B,67
Arg399Gln,67
D116N,67
C8A,67
R280C,66
—H36B,66
—H33B,66
—H35B,66
T4R,66
⊃H2P,66
G2385R,66
—O1B,66
L16R,66
Lin28A,66
C6A,66
G12D,66
C14B,66
C18B,66
—H40B,66
L101P,66
H1C,65
(H2A,65
K4M,65
—O3A,65
Y268A,65
A1298C,65
B3H,65
H26A,65
O3B,65
(N2O,65
-C3H,65
H21C,65
—N3B,64
;D470A,64
V5Z,64
K5R,64
C19B,64
M5B,64
(D2O,64
H29A,64
T4S,64
D1V,64
C3M,63
—C24B,63
H18B,63
—H39B,63
C1A,63
C16B,63
H7B,63
)A2F,62
R26R,62
H3T,62
—C5C,62
H2O,62
-D374Y,62
A399C,62
—O3W,62
C16B,62
H3A,62
H19C,62
D717G,62
K1A,62
—C9C,62
L5178Y,62
—H42A,61
N3B,61
—H38A,61
G1V,61
C9A,61
-F2K,61
H572R,61
S2R,61
—C10C,60
-K317R,60
/E1A,60
-S6K,60
C1R,60
C3435T,60
 S4A,60
C12B,60
Y401C,60
G1896A,59
H26B,59
E1S,59
S5E,59
C20B,59
Y9F,59
–H2B,59
T3D,59
Src42A,59
—H38B,59
*A27L,59
H50Q,58
C15B,58
H12B,58
H29A,58
L1014F,58
S1A,58
L90M,58
S1141A,58
D3E,58
H2N,58
H1047R,58
 H2O,58
(K395A,58
A1762T,58
R3E,58
G2P,57
R723G,57
C7A,57
—H2D,57
-T2D,57
L58F,57
+S1141A,57
-N4R,57
C3A,57
H3C,57
H2C,57
–H2O,57
L55M,57
—H41A,56
G9P,56
K650E,56
—H36C,56
C13A,56
—H42B,56
Arg72Pro,56
V3A,56
E1C,56
T2D,56
S6E,56
C1C,56
—P1B,56
—P1A,56
H31A,56
V141M,56
H28A,55
-V10K,55
P2A,55
—C27A,55
G38D,55
A1C,55
N2B,55
T2E,55
Q4004X,55
Atx3100Q,55
M2R,55
E64D,55
K196E,55
L861Q,55
H2S,55
A96S,55
—N6A,55
—H11D,55
I7L,55
C17A,54
H6C,54
P301S,54
E321K,54
(S3B,54
—H41B,54
R6K,54
S1G,54
O2B,54
H22C,54
Xyl10A,54
S18Y,53
R2Y,53
/L58F,53
D83V,53
-E119A,53
G2373A,53
-H274Y,53
H30A,53
C23A,53
R43L,53
H20C,53
K650M,53
—C27B,53
Glu298Asp,53
A302S,53
Acc65I,53
(S1C,53
 S3B,53
L8A,53
O4W,52
R760E,52
 S2C,52
S2G,52
H27B,52
 S5A,52
C15B,52
N4A,52
—N4A,52
S140G,52
U937A,52
E290C,52
G12V,52
Wnt3A,52
F3H,52
G13D,52
S4F,52
C11B,51
—C2S,51
C17B,51
K4E,51
S8C,51
Ser2P,51
Q3G,51
H28B,51
/N99Y,51
G2L,51
T1D,51
R45C,51
(K2P,51
A2K,50
C1M,50
H21B,50
Xyl10Awt,50
S187F,50
U1A,50
H22B,50
C21B,50
S129A,50
N2L,50
-Ara4N,50
S88F,50
R12C,50
T4P,50
—H34B,49
E224K,49
Y181C,49
D4T,49
E2B,49
D3V,49
V1S,49
C5A,49
H2K,49
",T325A",49
N348I,49
(S4B,49
—S1B,49
T400P,49
—C10D,49
M13R,49
",S324A",49
—O21A,49
C1A,49
-K43A,48
—C15X,48
/G1764A,48
Y722F,48
H1B,48
C22A,48
—O3B,48
H295R,48
D2V,48
D313Y,48
H96Y,48
H19B,48
C20B,48
C14B,48
P2P,48
—H13D,48
—C28A,47
/S6K,47
C19B,47
-R1H,47
-S2808D,47
H27A,47
B2M,47
Sau3A,47
—H4N,47
-C2B,47
H3G,47
G13D,47
H3C,47
C18B,47
S7D,47
-T2T,46
C12A,46
N45E,46
—H3D,46
C25A,46
Q551R,46
N1G,46
—H16D,46
",E233Q",46
G80A,46
-E411P,46
E2E,46
-V637E,46
L46G,46
 S4B,46
F2A,46
-Flt3L,46
Ile105Val,46
-D161A,46
(L858R,46
H25C,46
—H10D,46
(G12V,45
U87R,45
L46F,45
H30A,45
R300Q,45
G138R,45
-A238L,45
(G6P,45
S10B,45
R2K,45
(S5A,45
G12V,45
(A1C,45
Ser5P,45
—C10E,45
S7E,45
H2B,45
E298D,45
-Spn4A,45
Asp299Gly,45
F12K,45
V156B,45
Sin3A,45
Chd7Ome,45
—H35C,45
Spo0J,45
Tie2Cre,45
—H45B,45
C21B,44
S218L,44
/K618A,44
H29B,44
R13E,44
S768I,44
—H15D,44
H5C,44
S40A,44
—H2O,44
O4A,44
—H40C,44
A1555G,44
/G173Q,44
C18A,44
T3S,44
G85R,44
—H14D,43
H20B,43
(C67S,43
(Y274F,43
S1234A,43
C4B,43
/C3A,43
-V169A,43
C61S,43
—H12D,43
O5A,43
Atg7F,43
Pam3Cys,43
Trp64Arg,43
/H2A,43
N87S,43
(K5R,43
E2P,43
—C1C,43
F1A,43
N6A,42
—C13X,42
/P145C,42
H6B,42
T1D,42
G244S,42
T2A,42
Isl1Cre,42
C24A,42
—N4B,42
R13H,42
S991A,42
O3W,42
L46A,42
R516H,42
H33A,42
P2Z,42
—N6B,42
C57B,42
L281W,42
/T33S,42
M49W,42
P1B,42
R2E,42
A2058G,42
S77A,42
A431D,42
(W120R,42
C227W,41
O4B,41
S78C,41
E148Q,41
H25R,41
O2A,41
G31R,41
H1B,41
S100P,41
—H16F,41
(S6K,41
U2B,41
H37A,41
E192N,41
—O21B,41
V1R,41
H23C,41
H24C,41
(Y319F,40
(P91S,40
(T47D,40
Cry1A,40
M163V,40
Q32R,40
C2394G,40
T47D,40
R13A,40
-T132A,40
T7S,40
Y998F,40
—H56A,40
T2D,40
R719W,40
Csp6I,40
S3G,40
F63W,40
T4L,40
S564A,40
—H38C,40
—H1E,40
C1S,39
D779Y,39
Y681H,39
E83G,39
",R57A",39
-D190A,39
S9C,39
I877V,39
P486S,39
V382R,39
G668A,39
-G334D,39
(G12D,39
—C14X,39
Q2Y,39
N63C,39
C26A,39
T102C,39
—H46A,39
—H45C,39
-C354A,39
—H45A,39
-M11L,39
—H56B,39
H212K,39
(R172H,39
C4H,39
—H3O,39
M694V,39
R101G,39
H4C,38
/D2O,38
Ptp61F,38
—N31A,38
C23B,38
R2X,38
(S2C,38
/P253R,38
L3S,38
E1A,38
E3L,38
Y3F,38
R175H,38
K7L,38
D776K,38
—C30B,38
V102A,38
Cad99C,38
O5W,38
(E24D,38
Y111D,38
R332G,38
R5A,38
—N31B,38
Nek2A,38
–C352I,38
C24B,38
H274Y,38
/D2R,37
K510R,37
W129F,37
S11A,37
—H32C,37
C12Cer,37
V433M,37
S54D,37
E118A,37
H32A,37
H36A,37
Gln223Arg,37
T8590C,37
-S473A,37
—C31A,37
—C9D,37
I1061T,37
Rap1A,37
Gli2R,37
H30B,37
—H42C,37
(H2B,37
—O5B,37
K76T,37
O1A,37
N363S,37
I50V,37
E271Q,37
-C2A,37
N3B,37
-Cdc25A,37
—C18C,37
]H2O,36
T877A,36
Y1R,36
L783C,36
I50V,36
I84V,36
Set1C,36
W413A,36
—H33C,36
R694L,36
L2S,36
/C10B,36
—O5A,36
/R26R,36
C2C,36
(Y315F,36
E545K,36
P2B,36
E2F,36
 S1D,36
—N8A,36
 S2D,36
-N99Y,36
C20T,36
A3243G,36
Q223R,36
—C3S,36
F16P,36
—H46B,36
-R335G,36
-H59A,35
N4B,35
—H41C,35
-N552100Q,35
—H52A,35
—H47B,35
(S6A,35
 S3C,35
G12D,35
",S231N",35
Val762Ala,35
H103Y,35
—O19B,35
H26C,35
(S3C,35
H135A,35
N12A,35
Act5C,35
N5A,35
—C2C,35
Rev3L,35
D3B,35
O9W,35
R134A,35
H1W,35
T309V,35
W129L,35
-T33S,35
C11T,35
K97A,34
C19A,34
M13F,34
—P2A,34
H31B,34
H35A,34
C9C,34
M250L,34
L2R,34
-V1184A,34
—P3A,34
K109R,34
—P2B,34
O35E,34
M4M,34
F286A,34
·O1W,34
(E1A,34
S8D,34
S11B,34
P69B,34
(S5B,34
—C4S,34
P32G,34
—P3B,34
P1A,34
 H2O,34
—C11X,34
—H51B,34
(P301L,33
H25B,33
-R49C,33
—H43A,33
(G93A,33
‐T1E,33
Ets21C,33
—H21F,33
T172R,33
C20A,33
A467T,33
H23B,33
A2756G,33
Y2R,33
L97D,33
/C13A,33
K540E,33
X11L,33
H1D,33
 D2O,33
R563A,33
 S6B,33
—H57A,33
Y373C,33
S2P,33
L1P,33
Asp312Asn,33
A870G,33
(F6P,33
Act88F,33
A2780T,33
—H47A,33
C25B,33
Syn1A,32
/S161A,32
T794A,32
-L63R,32
P13K,32
A432C,32
—N12A,32
L1B,32
C15A,32
D779W,32
F1V,32
—H39C,32
V134L,32
(Val66Met,32
S54A,32
—H46C,32
-F6K,32
H37A,32
/M49W,32
(T2W,32
V146H,32
—C8C,32
—H57B,32
—H23D,32
N88S,32
Rab40A,32
E359M,32
S447X,32
C51A,32
D161A,32
—H44B,32
Opa1L,32
K1N,32
L33F,32
N4R,32
Rad21L,32
C10A,32
⋯O1W,32
R462Q,32
—H11F,31
—H44C,31
S65A,31
—H18F,31
C997A,31
M46I,31
A41L,31
—H44A,31
O3A,31
F33Y,31
",K53A",31
—H25D,31
(S1D,31
T356M,31
-W515L,31
—H51A,31
C4A,31
I164L,31
(S188A,31
 S5B,31
K565A,31
R293Q,31
K194E,31
/L363E,31
-I263F,31
/D270A,31
/Q123K,31
—H5N,31
H40A,31
C8C,31
W129A,31
—H19D,31
E224G,31
H39A,31
G149A,31
-F1K,31
G380R,31
/K38A,31
L36N,31
C3H,31
—C19C,31
:Uev1A,31
H4B,31
A299G,31
—H19F,30
M2H,30
A581G,30
D368R,30
(R175H,30
H3B,30
C25A,30
/I301C,30
—O8A,30
—H16E,30
(S4C,30
)L614A,30
C104R,30
A118G,30
—O13W,30
K113E,30
H28C,30
(L19S,30
 S6A,30
F1000Res,30
Y69H,30
A1M,30
L324G,30
 S2E,30
B16V,30
-D28K,30
—C30A,30
F2A,30
A2M,30
H956A,30
R202A,30
—O4B,30
A375M,30
C14A,30
W258X,30
Hec1B,30
S6F,30
R6G,30
Tsp86D,29
—C10X,29
—H4W,29
—O4A,29
Vps16A,29
—O7A,29
C3S,29
S5F,29
—O19A,29
(S7A,29
N48Q,29
/A1V,29
—H18D,29
—H26D,29
O5B,29
-F442A,29
H3O,29
(V617F,29
—C3E,29
—O12W,29
F3A,29
H31A,29
T12B,29
E1143G,29
V717F,29
R116Q,29
/L20D,29
(P113S,29
—H17D,29
B1H,29
G4P,29
R192Q,29
O3B,29
R126W,29
R248C,29
S108N,29
(S2D,29
A6L,29
Ile462Val,29
Q2W,29
H5B,29
H27C,29
-Q32C,29
—H48A,29
R222H,29
Y26F,29
C11A,29
R131H,29
I222T,29
J1H,28
F261L,28
E2C,28
-T287D,28
L20B,28
V30M,28
—C31B,28
Q61R,28
—C1D,28
—C3D,28
O6A,28
H42A,28
D2D,28
—O10W,28
A4V,28
H34A,28
—H4D,28
K101R,28
Asp148Glu,28
S4G,28
(Y402H,28
Orb2B,28
N51I,28
R8Q,28
H41A,28
V5A,28
 S1E,28
M2D,28
G1245N,28
-Rad21L,28
H38A,28
U5M,28
—C25C,28
W100S,28
A66G,28
S737A,28
—H21D,28
B16R,28
G106W,28
/K22D,28
Rrp414M,28
—O11W,28
Y135A,28
M153R,28
—H3W,28
-C2L,28
I736T,27
T12A,27
R148H,27
M6G,27
G691S,27
G42E,27
G12C,27
C25B,27
—C24D,27
Y125F,27
C15C,27
(H1047R,27
H24B,27
—C2D,27
/S345A,27
P504S,27
;D57A,27
C22B,27
-F2A,27
/I179E,27
G1349D,27
—C12X,27
C2S,27
—C17C,27
R83A,27
O10W,27
A437G,27
—C18D,27
-D215A,27
Y445A,27
H37B,27
/Y295G,27
T596A,27
—C25D,27
N12B,27
R64L,27
C10C,27
P23H,27
-S473E,27
S1076I,27
V208M,27
C21A,27
D185H,27
—H19E,27
W1T,27
/K14D,27
T522M,27
A1A,27
H36A,27
—C24C,27
Klp64D,27
D222G,27
L83V,27
—H24D,26
C1C,26
G1245T,26
-P4P,26
—N5A,26
R417H,26
A1166C,26
R264K,26
Rac2N,26
S1H,26
S1P,26
 S2F,26
Cdc25B,26
R103W,26
S2H,26
-R518A,26
—H52B,26
E758C,26
F136L,26
F131E,26
—H22F,26
—H18E,26
—N5B,26
T198A,26
B6T,26
C1S,26
S10C,26
F149T,26
S252W,26
R3T,26
‐L858R,26
C1858T,26
T932A,26
(S5C,26
—C8D,26
R82A,26
 S5C,26
-S305A,26
—C15C,26
H26B,26
N291S,26
—C14C,26
T932C,26
T93N,26
R273H,26
—C20X,26
Rab27A,26
—H14F,26
 S4C,26
C22B,26
Y365A,26
C277S,26
R155K,26
/R92A,26
O1S,26
Tsp3A,26
/E758C,26
S100B,25
R964C,25
—H47C,25
Glc6P,25
D369A,25
Ala167Ala,25
—H34C,25
—O7B,25
—H17F,25
—H21E,25
O4B,25
Gln48His,25
E1P,25
K44E,25
/E118A,25
Q144R,25
C26B,25
C13X,25
P4C,25
(S7B,25
Cel6A,25
-F4E,25
E195K,25
H395R,25
/C59R,25
—C4C,25
—C28B,25
",P269Q",25
K141E,25
Man6P,25
—H26F,25
(A473A,25
C24A,25
L5A,25
Rpd3S,25
D778Y,25
D6D,25
D19H,25
+U281A,25
C129S,25
P509S,25
C16A,25
—C14D,25
W12E,25
A677G,25
(Q79L,25
-T1D,25
R232H,25
S12A,25
H42A,25
—N8B,25
O11W,25
—C9X,25
Q61K,25
R133A,25
V60L,25
Y220C,25
N8A,25
S13A,25
L8N,25
O11A,24
-Y365A,24
S547A,24
—H53A,24
(S65T,24
 S3D,24
V717I,24
N2O,24
Q148H,24
C4C,24
S2N,24
P2R,24
—H22D,24
K38A,24
N8B,24
-B1*,24
M41E,24
O6B,24
Q67L,24
Thr399Ile,24
H33A,24
—H25F,24
R612Q,24
—C41B,24
(D2R,24
-T2A,24
C14C,24
(H134R,24
V8W,24
-K56R,24
G2A,24
S9D,24
(Hep3B,24
S16A,24
(C3G,24
/K87A,24
S306A,24
R67C,24
—H55A,24
E7C,24
A2143G,24
R117P,24
H35A,24
C1S,24
H40A,24
—H11E,24
Asf1A,24
/N68I,24
-P5C,23
K87R,23
",H274Y",23
V82A,23
L1M,23
—H22E,23
V6H,23
R190A,23
(R2X,23
E2F,23
Med7C,23
H1W,23
G190A,23
G418R,23
P2X,23
—C29A,23
H2D,23
Web3D,23
C1Q,23
(S8A,23
W151C,23
E143K,23
Arg554Lys,23
R61C,23
H04R,23
E117G,23
D4T,23
-C1D,23
H30C,23
—H20F,23
Bac36A,23
Klp10A,23
F220C,23
‐S768I,23
H41A,23
;R26R,23
O13W,23
L10K,23
V64E,23
D3R,23
H32A,23
H38A,23
—H12W,23
(D1R,23
H4F,23
(A1R,23
(T52N,23
G1691A,23
/Y40C,23
Y521C,23
L63P,23
D9N,23
H16D,23
—H50A,23
(B1R,23
T435D,23
—H23F,23
O21A,23
L12M,23
—O6A,23
-R576A,23
Lig4D,23
C1L,23
H45A,23
Ile219Val,23
(C4H,23
A140V,23
-S157A,23
H198K,23
G8P,23
-M3V,22
—H13E,22
+D4T,22
Y53A,22
R255I,22
E119A,22
—C4E,22
Pro90Ser,22
R179X,22
—H53B,22
P66L,22
Atg14L,22
—P1E,22
C46R,22
Q144H,22
S305C,22
K33R,22
O5A,22
T6S,22
K25A,22
-K250G,22
C5C,22
H39A,22
V6Z,22
(T1W,22
(E2F,22
/K245D,22
R1P,22
H2W,22
‐L861Q,22
H2W,22
R190E,22
V59M,22
H29B,22
G209A,22
G719S,22
—H25E,22
C23B,22
Y93C,22
S1A,22
/T4R,22
T309G,22
L6E,22
N6B,22
C124R,22
M2E,22
C27B,22
(I3C,22
O2P,22
N9B,22
H31C,22
N5B,22
I121M,22
Ser7P,22
/L12D,22
—P1C,22
C5A,22
S5G,22
—C18X,22
/Q16L,22
D2S,22
—H13F,22
(G3P,22
C61A,22
C26B,22
—P1D,22
/L196C,22
—H10E,21
(S6B,21
-Src64B,21
D190A,21
/Y445A,21
C609T,21
N00N,21
D2L,21
—N9B,21
D55A,21
;Brg1F,21
Q84R,21
C28A,21
E469K,21
M3J,21
-R282K,21
K42N,21
Y478A,21
Cel5A,21
K141N,21
G0F,21
N406A,21
S312C,21
K27A,21
-S39C,21
M470V,21
-R21C,21
E23K,21
 S1F,21
F76K,21
S1904L,21
V209M,21
/F299Y,21
R201C,21
-S62C,21
W55G,21
-T1E,21
—C6E,21
/R175Q,21
C85S,21
Uev1A,21
C24B,21
(L663E,21
-N51I,21
H36B,21
W401F,21
—H55B,21
C3C,21
H1O,21
—H5D,21
—O8B,21
D33V,21
-E59K,21
K42T,21
-R132H,21
O12W,21
C23C,21
—C23X,21
C511A,21
S100A,21
/H226E,21
E55Q,21
/E143Q,21
(R218A,21
R48W,21
—H27D,21
-S62A,21
H40B,21
H29C,21
C88S,21
/Y445S,21
C27A,21
Rad51D,21
G12P,21
(E504K,21
Rrp43M,21
Cys50Ala,21
(C1M,21
—C19X,21
/S108N,21
-His6X,21
S6G,20
Y98H,20
H28B,20
Hep3B,20
H14C,20
—H43B,20
R274Q,20
O8B,20
(M6P,20
S3H,20
H2X,20
Q60G,20
-T286A,20
H33B,20
C24D,20
L366K,20
C119A,20
N118S,20
K165C,20
C28D,20
C25D,20
N31A,20
/L91A,20
D304A,20
T308A,20
H39B,20
R90C,20
—C15D,20
D78C,20
-D10A,20
C31G,20
A2058G,20
C18C,20
—H23E,20
—C19D,20
M1268T,20
—H48B,20
S1B,20
G2548A,20
F656C,20
–G209A,20
/D306A,20
—H15F,20
H35B,20
E17K,20
Emx1Cre,20
H32B,20
Glu408Lys,20
—H7E,20
B58C,20
—O5W,20
G382D,20
C59R,20
Arg16Gly,20
S13B,20
P1B,20
(P2X,20
-K5A,20
(P681A,20
C9S,20
—H7D,20
E542K,20
I2C,20
—C7X,20
Q2H,20
His6I,20
P252H,20
I701L,20
–G209R,20
—H22W,20
O6A,20
D185A,20
Y14F,20
—H9D,20
(U25A,20
C14X,20
/Y78E,20
H218O,20
T567E,20
S1B,20
R1764E,20
—C8X,20
S616A,19
R116R,19
K15M,19
H30B,19
+N2B,19
—F1A,19
V599E,19
G1F,19
;Gal4Cha,19
K1S,19
B82L,19
—H6D,19
S11C,19
A2G,19
A2059G,19
S1141D,19
H1C,19
G37R,19
G1764A,19
—H62B,19
S36A,19
V2C,19
-G85R,19
C14D,19
G479E,19
/D189A,19
—H17E,19
/C309W,19
—H10F,19
+C26A,19
C3G,19
-H125N,19
L444P,19
K13A,19
M059J,19
R325A,19
V163A,19
O1S,19
-H77S,19
M184I,19
/V102A,19
L614A,19
N540K,19
Q705K,19
(H3O,19
—H20E,19
M338V,19
H5V,19
P52L,19
D70A,19
E92K,19
E255K,19
—H55C,19
H58K,19
N4B,19
-D294G,19
A5A,19
-R2474S,19
T3Pyr,19
K42R,19
T170V,19
-T790M,19
Thr759Thr,19
D241A,19
—H66B,19
-P132L,19
(S9A,19
—H24F,19
C2S,19
F1B,19
C8D,19
R219K,19
T41A,19
Asf1B,19
—O4W,19
H275Y,19
N443Q,19
D67N,19
-L107D,19
—H26E,19
L1196M,19
D112K,19
—C9E,19
D3C,19
C26A,19
/E358K,19
H2C,19
 S4D,19
(N141I,19
—H11W,19
—H29F,19
F119L,19
D905R,19
D301H,19
—O9W,19
K1Y,19
-Q79L,19
O4A,19
E200K,19
H27B,19
H15C,19
—H14E,19
—N12B,19
R1B,18
–S2C,18
O8A,18
M06L,18
H11C,18
P1A,18
C52L,18
L1L,18
C15X,18
Cul4A,18
P2S,18
Gly460Trp,18
S768A,18
 S6C,18
—H20D,18
C254I,18
C23A,18
G353R,18
—F2A,18
R116W,18
Ser114Ala,18
H36B,18
-K141N,18
P2A,18
M1R,18
(H187A,18
B1355S,18
—C5E,18
/G1P,18
-A1*,18
C10E,18
D288A,18
O1H,18
C191Y,18
[A195T,18
K289R,18
—H62A,18
—C21X,18
Rab3A,18
H41B,18
I1575A,18
R882H,18
Q551R,18
C354T,18
Gli3R,18
/K10D,18
H03G,18
D394N,18
/L367I,18
G1793A,18
F45L,18
G972R,18
D1853N,18
H3N,18
P0E,18
 S3E,18
-E311R,18
K70R,18
R90N,18
T539C,18
R36A,18
H508A,18
(L123R,18
V64M,18
Apc1638N,18
/Q640X,18
-K339A,18
Y527F,18
G2505B,18
Q1A,18
M059K,18
F2R,18
P2Y,18
—H54A,18
E1C,18
O5B,18
Q61H,18
E310D,18
L769L,18
(B6A,18
E627K,18
P3C,18
L162V,18
W64R,18
(L36N,18
T367M,18
—H49A,18
/S90L,18
/I164L,18
Y1237A,18
S37A,18
E478Q,18
F317L,18
Rac1N,18
-C5E,18
H2S,18
P4H,18
T46I,17
P3K,17
(G19V,17
O2C,17
S156A,17
A161S,17
–D2O,17
S6H,17
C26304T,17
;M10E,17
—H61B,17
V141C,17
—O1X,17
O1W,17
—H7N,17
C797S,17
K50C,17
G260R,17
(V102C,17
E355C,17
-D1A,17
K156R,17
S2I,17
—H12F,17
/E120A,17
(S83L,17
*Ile394Thr,17
",K101R",17
M4T,17
(A53T,17
M146V,17
—N9A,17
Pro129Thr,17
N155H,17
/S62A,17
+G54A,17
(B1*,17
E675A,17
—H52C,17
A359C,17
K21R,17
–S1C,17
Cys56Ala,17
P822L,17
(T239I,17
L13A,17
/M671L,17
N102S,17
Ulk4R,17
P2B,17
:Q698E,17
-H840A,17
L6D,17
C18D,17
R45H,17
G140S,17
Y274F,17
E4P,17
Y124F,17
/W238G,17
M1A,17
—H61A,17
Arg194Trp,17
(S3D,17
C3D,17
H46A,17
(E105K,17
C2L,17
 S7A,17
B6N,17
-L755M,17
C22A,17
—C29D,17
-C91S,17
S39A,17
R237G,17
/R263K,17
Y165C,17
O7A,17
N68I,17
A2251C,17
S15A,17
/K319A,17
Lys751Gln,17
-S35H,17
H242A,17
C49Y,17
R460D,17
/D443N,17
A3D,17
R1587K,17
—H4O,17
Y716F,17
—C43B,17
/A677G,17
—O3X,17
A3B,17
—H15E,17
C17C,17
—C29B,17
G1807A,17
T1753V,17
P83S,17
A163X,17
Per2Luc,17
E105K,17
C28B,17
-S248A,17
·H17A,17
—H66A,17
—H3E,17
T1243A,17
-Tsp3A,16
A403T,16
D462R,16
L58P,16
/H198K,16
-T794A,16
H56A,16
—H21W,16
-K49A,16
(H1195K,16
·O1Wii,16
(D599N,16
D4R,16
—H31D,16
C10A,16
H45A,16
R1597W,16
G72R,16
-G12D,16
E159G,16
R71H,16
/L514A,16
E3B,16
W287A,16
-R5A,16
A4070G,16
E10B,16
E375Q,16
L503F,16
P253R,16
B16F,16
T141C,16
P3A,16
A3S,16
—C32A,16
—H48C,16
K232A,16
(N688A,16
I231A,16
·H16A,16
P3G,16
H47A,16
H11D,16
—H28D,16
N1M,16
(E2A,16
T29C,16
D74A,16
H38B,16
C9A,16
R273C,16
U20S,16
N88D,16
L251S,16
/K27A,16
V198M,16
S473A,16
N312Q,16
C3C,16
T105C,16
E6A,16
(G2373A,16
/L124P,16
/A193V,16
—H57C,16
(F3H,16
Y418H,16
)S176D,16
C43S,16
Y113F,16
N9A,16
K195R,16
K2A,16
H42B,16
D251E,16
V36M,16
/N370S,16
A315T,16
D112G,16
C1P,16
E403C,16
(D66T,16
T1844C,16
G331W,16
N522A,16
R10G,16
N113Q,16
R620W,16
—H53C,16
O21B,16
—H12E,16
R225H,16
S4H,16
(T790M,16
S39D,16
T2R,16
H2P,16
-D369A,16
N31B,16
Vps33B,16
Y2H,16
C57L,16
Rab16A,16
-P364R,16
(A16V,16
Y93L,16
M14K,16
D3A,16
P3B,16
(L1014F,16
C19C,16
K167R,16
G11B,16
C290A,16
C10D,16
S165M,16
 S7B,16
-Y106C,16
L2P,16
H1A,16
R132H,16
G01N,16
V1B,16
C23T,16
(Cel7A,16
C255A,16
(M41E,16
F1579A,16
H37C,16
O3G,16
Cox4His,16
N2460T,16
R90H,16
C24C,16
%H2O,16
—C1E,16
L1115C,16
V483I,16
(R211E,15
Cdk1Liv,15
—H0A,15
C277A,15
/H2S,15
H11N,15
S436A,15
—S2B,15
P139L,15
(D55A,15
H77S,15
H2L,15
(Ile105Val,15
·O1A,15
F5Y,15
K246A,15
:E90K,15
H36C,15
C19D,15
N78S,15
Y211C,15
-G81C,15
Kif1A,15
C15D,15
R20C,15
-T438S,15
C1B,15
T4R,15
L180M,15
K1F,15
(B6Tac,15
Y14D,15
P2328S,15
H2N,15
V762A,15
Y318F,15
T12C,15
N6B,15
O14A,15
[F228I,15
D29V,15
N2A,15
R140Q,15
M37W,15
R276A,15
(C74U,15
K1112Q,15
L74V,15
/C3H,15
H37B,15
H51A,15
—H11S,15
—C28D,15
-E1A,15
R19S,15
—H24E,15
Q61R,15
G03G,15
H11D,15
H138N,15
—C13C,15
N212G,15
⋅H2O,15
S45F,15
Y537S,15
–S3D,15
P1S,15
A1*,15
(D473C,15
C25C,15
N7A,15
R225C,15
U2A,15
-C320A,15
P1B,15
Q151M,15
M121I,15
—H29D,15
C1019T,15
H127R,15
S28B,15
D299G,15
/P363N,15
D66N,15
-R334W,15
C634Y,15
H03F,15
H03H,15
S12B,15
R150X,15
(P5C,15
–I148E,15
M36I,15
F4M,15
H3R,15
C459S,15
(S6C,15
—H1F,15
/D172N,15
A750P,15
(C677T,15
/F63W,15
C9D,15
H34A,15
O2S,15
L307C,15
A164S,15
D12450B,15
/C439A,15
K305E,15
—H27F,15
(S186A,15
C1G,15
Q80K,15
(C59R,15
R121A,15
(K670N,15
R63W,15
-Y156F,15
K711A,15
Pro582Ser,15
F1B,15
(N182E,15
A1C,15
Ser307Pro,15
–S3C,15
N185D,15
·O1B,15
-H213Y,15
Rad51C,15
C20X,15
/I701L,15
E289A,15
Ser326Cys,15
E119V,15
—H71A,15
Q61K,15
(R1H,15
—H29E,15
S2B,15
Q48R,15
V726A,15
-R200K,15
-K4Q,15
Q240A,15
H04N,15
—H5O,15
A313G,15
H1T,15
R3M,15
R118K,15
R89L,15
L107F,15
·H4A,15
-A328V,15
O13A,15
L80F,15
/K229A,15
/R279A,15
O21A,15
Q293H,15
M8I,15
E138A,15
R34L,15
S326A,15
Q38A,15
-Cbp53E,15
N297Q,15
-N670K,15
R69H,14
(M2D,14
/D197C,14
R156H,14
C10C,14
—C1X,14
-H189D,14
G119S,14
H01Q,14
-Q784X,14
T205A,14
R1088Q,14
D308A,14
-S385C,14
-Y268A,14
H215O,14
(S1E,14
H44A,14
—H71B,14
/S473A,14
Rad21Lox,14
S46A,14
T215Y,14
D197N,14
G268A,14
G22A,14
G264S,14
P370L,14
-H2C,14
H15D,14
D54E,14
—C17D,14
—H50B,14
/H159Q,14
/S3F,14
(E1B,14
-E91K,14
J774A,14
C356G,14
⋯O1Wii,14
/S7A,14
Y3H,14
—C2X,14
R190Q,14
H46A,14
I148M,14
S1I,14
Uba1A,14
N12D,14
(S4D,14
A2059G,14
R258W,14
H16C,14
V62M,14
H34B,14
Hin6I,14
V2X,14
K219Q,14
S153A,14
R249S,14
—H65B,14
S33A,14
C2C,14
C5C,14
/S768A,14
I883M,14
R208H,14
G894T,14
N12E,14
-K533E,14
G123R,14
C1C,14
H14D,14
—H5W,14
/Y291F,14
L100P,14
C524T,14
C3E,14
Cys212Ala,14
(S2P,14
·H17B,14
G12A,14
C16C,14
L1Tco,14
L87R,14
L9T,14
S51A,14
—O1S,14
G43S,14
H16E,14
-S237C,14
G1246A,14
L5F,14
K2O,14
G1L,14
(S34N,14
T3E,14
R2H,14
/C60S,14
E224C,14
P47A,14
—H35D,14
+V82A,14
O7B,14
-K295M,14
(R362Q,14
A1571T,14
I50L,14
T310M,14
E99Q,14
",N99A",14
W1108A,14
N107Y,14
T338M,14
K65C,14
D507A,14
-H4F,14
H7C,14
C50R,14
D54V,14
G278A,14
—C17E,14
 S4E,14
Ser51Ala,14
-S505N,14
R539W,14
K101E,14
—H6O,14
Y238X,14
/S3D,14
H52A,14
Met5A,14
Y1586A,14
P492Q,14
K63R,14
B1*,14
C11X,14
K20I,14
Gln27Glu,14
/G8P,14
H44A,14
⋯O2W,14
F4C,14
H102N,14
—H64A,14
-M20A,14
E156K,14
-D150H,14
W157X,14
-P660C,14
G11C,14
B6A,14
C560A,14
E50K,14
R0M,14
H8C,14
(L289K,14
E31A,14
F64C,14
…K356N,14
R490X,13
D178N,13
O1C,13
C355A,13
-I121M,13
L50S,13
T54S,13
)L445A,13
F6A,13
Ara4N,13
E93R,13
Thr315Ile,13
H58A,13
P1E,13
(S8B,13
Leu723Gln,13
G01S,13
C29A,13
—C21C,13
-K44A,13
S4I,13
N74D,13
I310C,13
(K662R,13
S1J,13
—N12E,13
 S5E,13
V264A,13
—H32D,13
—H49B,13
R2A,13
C4S,13
(R300Q,13
Y200D,13
V6A,13
C03C,13
/S3C,13
T216A,13
-E93R,13
H2Asq,13
R7A,13
E545K,13
H35C,13
V267A,13
—H65A,13
A191V,13
*S1779A,13
-S88F,13
E173K,13
H3O,13
/K64R,13
-F64C,13
P102L,13
A19S,13
—H6N,13
L34F,13
G12S,13
E62A,13
O6W,13
S6I,13
M6A,13
O7W,13
-H724N,13
L29A,13
H01S,13
-T80A,13
L31I,13
(D75Y,13
H45B,13
R248W,13
Cdc25A,13
Tsp26A,13
—C8E,13
Rag1Cre,13
R702A,13
H57A,13
I514V,13
H10D,13
–S1D,13
/G118A,13
E295Q,13
J2S,13
K56R,13
R79A,13
/T1T,13
F270L,13
—N1C,13
Y98A,13
/L17D,13
H1069Q,13
—C13E,13
C2P,13
/K7D,13
-D4R,13
N15R,13
E270Q,13
C5E,13
H01P,13
B01J,13
C01G,13
W3031A,13
—N12D,13
S325A,13
E74A,13
S332A,13
D538G,13
T118A,13
—H54B,13
(D4T,13
(S100B,13
·H2A,13
-A1C,13
-C227W,13
—C21E,13
(K106Q,13
C30B,13
N5B,13
N1B,13
B2G,13
—N12C,13
—C21D,13
Wnt5A,13
M204V,13
Arg223Arg,13
Q226L,13
-T1R,13
-R175H,13
L2C,13
H2D,13
C15N,13
G465R,13
—N7B,13
 S7C,13
L349P,13
N133Q,13
—H56C,13
G68D,13
N87I,13
S13C,13
C69S,13
(W3C,13
A578S,13
-N325Q,13
—C22E,13
/Apo2L,13
/E478Q,13
Q61L,13
-K306R,13
—O10Wii,13
Bsu36I,13
S836S,13
D5D,13
—H65C,13
Tet1Mut,13
E310D,13
P56S,13
V226K,13
F80M,13
B8R,13
–S4C,13
P1D,13
R118K,13
-G242T,13
(G42E,13
N10A,13
G2677T,13
R43H,13
—C13D,13
S165C,13
R243C,13
G312A,13
S189L,13
N382S,13
C276A,13
C111S,13
K7D,13
T188K,13
F173A,13
Cel7B,13
N99Q,13
-Orb2A,13
—O14A,13
Rab7A,13
—O11A,13
—N7A,13
D87N,13
(D12450B,13
-D77G,13
G211A,13
C100T,13
Gly159Asp,13
—O4X,13
P2V,12
G12R,12
Y52E,12
Arg698Trp,12
–S2F,12
C634R,12
/G4P,12
P15A,12
G2677A,12
C119L,12
D27K,12
C32S,12
 S1G,12
—O1C,12
O6B,12
Thr241Met,12
L174F,12
G11778A,12
Rab5A,12
V210I,12
C03B,12
-E304A,12
-T103A,12
A19D,12
-D3H,12
H13C,12
T37L,12
C01B,12
/M1R,12
A301V,12
M680I,12
B6B,12
+G2M,12
-D3B,12
/D171A,12
G02F,12
⋯O1B,12
V89L,12
S283E,12
H12D,12
W402C,12
—H13L,12
F71Y,12
—H54C,12
H18D,12
L858R,12
V2B,12
—H43C,12
C325G,12
G106R,12
-R283D,12
E149A,12
C109S,12
—C22D,12
U1C,12
Oct4A,12
E96A,12
N262A,12
Y46F,12
S12C,12
/L798I,12
Gly741Arg,12
C506S,12
K49A,12
(Cel6A,12
O4W,12
G194C,12
C8A,12
N1A,12
R13Q,12
H47A,12
-K98E,12
T2182C,12
Eps15R,12
H212N,12
G719X,12
S2J,12
/Y730F,12
—H27E,12
S7P,12
H31B,12
A16V,12
—O6B,12
E427C,12
C27B,12
H4734B,12
D179A,12
H13D,12
(S6E,12
R122A,12
·O2W,12
K165Dha,12
/K540E,12
Ala851Ser,12
D965N,12
G1193T,12
S1904L,12
-G243A,12
E272A,12
C2E,12
(C215A,12
E531K,12
Rap1B,12
H56B,12
H03K,12
(C2A,12
(D3G,12
K51A,12
/K327A,12
M2A,12
/E84A,12
-E73D,12
G4112F,12
Thr21Met,12
B1A,12
—C22C,12
C127I,12
(N51I,12
C4M,12
R2T,12
-C464A,12
-U34A,12
I359L,12
-S421D,12
D119A,12
",B2D",12
—H32W,12
V131I,12
S72A,12
R241G,12
W1P,12
A1B,12
D28K,12
L72C,12
∶C12Cer,12
P1C,12
—C18E,12
—H24S,12
—C4D,12
H636O,12
O1A,12
M184V,12
K245D,12
V44A,12
P174L,12
C02F,12
/E33A,12
A15S,12
N12C,12
H45C,12
(A30P,12
H55A,12
—C49A,12
S7F,12
—H64C,12
Ala30Pro,12
Arg264Cys,12
Rad51B,12
V75I,12
O21B,12
·H8A,12
-L437V,12
P446L,12
W1W,12
–S2E,12
Rab1A,12
W198X,12
R247G,12
C6L,12
-Q344E,12
H19D,12
B07C,12
D2N,12
—H49C,12
(W129A,12
T4R,12
L411K,12
D45N,12
H425Y,12
V600R,12
—H13K,12
M3G,12
E524G,12
/S348A,12
Ser9Gly,12
/S904S,12
C4E,12
G60S,12
Vps4B,12
L12D,12
A56R,12
L25A,12
W436A,12
E306A,12
K601E,12
(A4V,12
E358K,12
)N97A,12
D36A,12
(M4V,12
/R89L,12
L8L,12
[H2A,12
C23X,12
C30A,12
N160K,12
E196K,12
—C14E,12
E90A,12
I2D,12
D312A,12
G934A,12
Q199R,12
Cys11His,12
A375P,12
C156S,12
G35A,12
Val122Ile,12
K1085Q,12
H12C,12
—H88C,12
-T3S,12
C586S,12
E912A,12
/S108T,12
(C350S,12
-L70S,12
:C12U,12
-T140A,11
K219X,11
E192Q,11
-R2L,11
-T895I,11
C12X,11
—H7F,11
C6E,11
C8B,11
K100M,11
C18E,11
-K141E,11
E166A,11
O3X,11
E988Q,11
R327A,11
(S6D,11
C21D,11
A458T,11
H2R,11
—F1B,11
H56A,11
Klp68D,11
T157A,11
—C7E,11
(N158A,11
K121Q,11
R144C,11
—H58A,11
H21D,11
(D316K,11
H38B,11
—H30D,11
-M470V,11
W12G,11
Taq1A,11
N472D,11
-K63R,11
N7B,11
—F3A,11
—O14B,11
S6J,11
L798I,11
—H6S,11
G870A,11
(T27N,11
A159G,11
K48R,11
Y318A,11
C206S,11
H46B,11
K21A,11
-C158S,11
V1046D,11
—C6X,11
R396T,11
—C17X,11
(Asp299Gly,11
F507S,11
 S7D,11
C3S,11
(S4F,11
H44B,11
R275W,11
Q52R,11
Q160A,11
Y214C,11
/P156C,11
A2A,11
/A437G,11
H57A,11
V1A,11
G2R,11
—H21H,11
Fam20A,11
V27I,11
E528F,11
 S5D,11
-E698C,11
H3W,11
∧G93R,11
—H60A,11
O1X,11
A61K,11
S004S,11
—C24E,11
C106S,11
I151T,11
/F508S,11
H23D,11
—C26E,11
V108I,11
E2A,11
R238A,11
L445A,11
/K1003R,11
L4115F,11
H3D,11
C14E,11
Y419A,11
C149F,11
Hpy99I,11
A23G,11
E215K,11
—C7D,11
S5H,11
(R143H,11
—H51C,11
V599E,11
C2D,11
/E96A,11
Y464A,11
G05F,11
K20R,11
E138K,11
(Glu298Asp,11
B3Z,11
/K46A,11
—C23E,11
R292K,11
T95H,11
T126D,11
F200Y,11
E114G,11
H48A,11
H4N,11
A177G,11
C517A,11
Q212P,11
(S80I,11
H25D,11
H16F,11
A7445G,11
B41J,11
(C282Y,11
:G418R,11
(Fig1B,11
M41L,11
(P66L,11
-A868C,11
(S1F,11
Y419C,11
S46C,11
K103N,11
K317R,11
Vps37A,11
C21E,11
Ile453Val,11
G333D,11
H18D,11
W1G,11
C21X,11
—N10B,11
(Val158Met,11
I431V,11
X2S,11
C6S,11
C28B,11
/T2W,11
S8E,11
R284A,11
M230L,11
—N10A,11
E47K,11
I505R,11
(N657E,11
(S149D,11
H51B,11
O19B,11
S5I,11
S273A,11
—H13J,11
-T110A,11
G1633A,11
T1768A,11
L162V,11
V239A,11
R663G,11
(Flt3L,11
/R1115Q,11
H40B,11
D220A,11
N2D,11
L100I,11
-D2D,11
C228T,11
—C26D,11
C580Y,11
—H59A,11
-Ric8A,11
W95F,11
L144R,11
H32C,11
Y70C,11
K85R,11
P167S,11
-E235Q,11
Q148K,11
C2X,11
-C104R,11
D1A,11
(T29C,11
M8A,11
—H14H,11
-L858R,11
A88D,11
R37A,11
Leu12Pro,11
F110S,11
G158W,11
F3B,11
/E224K,11
H46R,11
/D66A,11
Pro12Pro,11
R334W,11
D443N,11
S12D,11
V299L,11
K666G,11
L363E,11
N2O,11
T36C,11
P317R,11
-S421A,11
R1146C,11
—H63A,11
N98S,11
—C34A,11
R313Q,11
Sub1A,11
B1*,11
Val59Ala,11
D4T,11
T8993G,11
F198S,11
/C50S,11
H40C,11
T21M,11
S248A,11
—H30F,11
C27A,11
H43A,11
R497C,11
C26T,11
R280K,11
Vaa3D,11
D301A,11
G9A,11
-D190S,11
I54V,10
T435A,10
S83C,10
E1663R,10
K22A,10
R57L,10
Q169A,10
R451C,10
T399I,10
(G1P,10
(R90H,10
(S1R,10
S89N,10
Q1069R,10
G10L,10
—H17S,10
/S153D,10
K367M,10
Q3H,10
C22D,10
Ile172Leu,10
(R179A,10
V2A,10
E229K,10
—C2E,10
D210Y,10
Y51F,10
O5W,10
G126S,10
L63R,10
-S321X,10
—C35A,10
(A2A,10
—H50C,10
E317K,10
P369S,10
U2F,10
C179S,10
I1139K,10
N24A,10
-T308A,10
S282T,10
R75Q,10
-W434F,10
/I84V,10
H66A,10
O2C,10
V777L,10
T268M,10
(S5D,10
(A3G,10
-E111Q,10
U3C,10
C1236T,10
(N118M,10
H3H,10
Leu607Ile,10
(S9B,10
H701A,10
S58A,10
—H13H,10
L74E,10
C23D,10
G28152A,10
V29C,10
(S2F,10
Eco377I,10
C12M,10
Mst77F,10
 S6D,10
T45A,10
—C25E,10
D29V,10
—C27D,10
K269R,10
Rab8A,10
A142V,10
G18C,10
Arg677Trp,10
-S330D,10
-A2A,10
B4A,10
E138D,10
/F516A,10
(D172N,10
F136D,10
C31B,10
(C3M,10
H53A,10
–Y14F,10
(G3L,10
C481S,10
O8A,10
V55A,10
H21E,10
—C16C,10
S63A,10
R102Q,10
T2Onc,10
M1H,10
/T2D,10
D432E,10
(G754E,10
(G13D,10
E3A,10
E220P,10
—H23L,10
(Fig6A,10
R185Q,10
—O2X,10
H17C,10
/M225G,10
R109A,10
G5508A,10
D125H,10
C192F,10
-N13A,10
—O2S,10
C42B,10
E1147K,10
S157A,10
—C41A,10
E211Q,10
Cys41Ser,10
H33B,10
D107A,10
—C26C,10
—H1M,10
I2020T,10
/L110A,10
/F1579A,10
B2D,10
T82A,10
K388D,10
O2D,10
—H10O,10
—C50A,10
R523T,10
—C23D,10
/W76E,10
K670N,10
(H355A,10
Y716*,10
C29B,10
(T3S,10
H43A,10
C31A,10
L1A,10
Y122O,10
/E148A,10
C29D,10
(Fig2A,10
Ser211Pro,10
E89G,10
—C4X,10
—C15E,10
P511R,10
C25E,10
G654A,10
Cms89F,10
E356C,10
R4A,10
S3J,10
C373A,10
C6A,10
K81A,10
—H6W,10
G2F,10
T283M,10
A27L,10
(A2M,10
D5W,10
C40B,10
E158K,10
–S1F,10
D842V,10
R761H,10
A16C,10
C141A,10
H115A,10
H41C,10
/T117A,10
-B19V,10
Y81N,10
H7D,10
Arg621Cys,10
S113A,10
(D9E,10
R88D,10
Nmd2J,10
K59N,10
T410E,10
I54L,10
D274A,10
T97A,10
(R325A,10
·H2B,10
E24377A,10
F331Y,10
C8D,10
—C7C,10
A53E,10
O7B,10
G21R,10
H38C,10
V32I,10
/D379N,10
—H13G,10
-F6A,10
D91G,10
-N124Y,10
C2758G,10
K310R,10
/W12S,10
I329N,10
[C104R,10
Ser308Leu,10
Y183A,10
—C3X,10
H24D,10
H1E,10
R153E,10
—O41A,10
(Q192R,10
Cry2A,10
X3D,10
Y253H,10
Thr4P,10
L460D,10
—H11H,10
G12S,10
-P233S,10
T215D,10
(G9A,10
R59W,10
J558L,10
—C23C,10
M062X,10
(N2A,10
—N3C,10
(S186E,10
Eco31I,10
For3N,10
(R183E,10
-R172H,10
/T93M,10
H4734A,10
Hec50E,10
-C25K,10
-G2019S,10
—C27E,10
(Q80L,10
—C51A,10
G61E,10
R182K,10
N535A,10
·H8B,10
I572F,10
H19D,10
(S4E,10
K33Q,10
A2T,10
Kif3A,10
D1V,10
/C2A,10
G1254023X,10
R2B,10
H42C,10
/S118A,10
K243R,10
‘H2A,10
(M97S,10
L50B,10
R34A,10
—H8E,10
—C20E,10
P112A,10
E39N,10
/W287A,10
F3H,10
G876A,10
M41L,10
H48A,10
Arg753Gln,10
R289E,10
/Y851F,10
—N1D,10
M337V,10
G145C,9
—C52A,9
(R2E,9
—H66C,9
E192X,9
Phe515Leu,9
V321S,9
—H11I,9
R611C,9
N275C,9
(G16V,9
T2S,9
F361Y,9
C120S,9
⋯O2A,9
Thr309Lys,9
",C352I",9
O17W,9
S232C,9
H54A,9
H47B,9
K529A,9
H42B,9
—F2B,9
E1F,9
C13A,9
Y335A,9
T539A,9
F3Q,9
C49A,9
-E3L,9
N124Y,9
C6C,9
C13D,9
N3S,9
C133A,9
V600E,9
M671L,9
–G204A,9
/D79N,9
C32B,9
D16A,9
P1E,9
E1B,9
H19F,9
⋯O2B,9
C23E,9
H636C,9
T95D,9
R202Q,9
V21T,9
T315I,9
-E466C,9
-F2Y,9
S904S,9
F3B,9
V122I,9
-S100P,9
H57B,9
N145K,9
H1D,9
Eco57I,9
T116A,9
Ile375C,9
C10X,9
K508M,9
/D1R,9
—H84B,9
L90M,9
/C290S,9
N417S,9
N156Q,9
E284C,9
Q221L,9
G594A,9
P3N,9
Q2B,9
 S2G,9
-Act5C,9
V256V,9
D60A,9
—C44A,9
Atg4D,9
A69S,9
V791I,9
E71D,9
—H82A,9
·H7B,9
—H62C,9
K229A,9
—O16W,9
C17C,9
—C27C,9
+E408K,9
T268C,9
—H64B,9
C24E,9
H1N,9
F2R,9
F50A,9
S59A,9
—N2D,9
-N2O,9
Phe93Leu,9
S1094A,9
–S1E,9
W434F,9
R208N,9
A343V,9
Rab6A,9
⋯O3W,9
–S4E,9
H319A,9
H101C,9
A1762T,9
Y663F,9
:P198E,9
-H1A,9
R248Q,9
R152K,9
H45B,9
(V62M,9
/K78A,9
T60A,9
C610A,9
D286C,9
N332A,9
E235C,9
A22V,9
—H30E,9
C26C,9
C278S,9
—N2C,9
—H16I,9
(D95Y,9
(D348A,9
·H17C,9
/W76S,9
N06A,9
P209L,9
H3N,9
R284K,9
L392V,9
M46A,9
R1142W,9
C4666A,9
Y188C,9
L10I,9
C8092A,9
D4878A,9
V90I,9
L830V,9
H3P,9
F167Y,9
(M2M,9
A3G,9
F4C,9
U937A,9
(K2O,9
T265C,9
(G2P,9
T133C,9
—C43A,9
–S2D,9
(S10A,9
-Cry5B,9
H32B,9
—H5E,9
-D1K,9
T172D,9
R77A,9
/V86F,9
Q30R,9
(Pam3Cys,9
R432L,9
G581R,9
E270D,9
S14B,9
(Fig2B,9
(S2G,9
T916A,9
E295C,9
⋯O1A,9
Y2189C,9
E312A,9
H4R,9
H87Y,9
H33C,9
—C40B,9
H182O,9
Med7N,9
C121G,9
V284A,9
H19E,9
M235T,9
G13997A,9
(E545K,9
C43B,9
C13C,9
B1*,9
R5V,9
G309C,9
Leu162Val,9
(R5P,9
",D88A",9
S14A,9
O1C,9
I1575C,9
K20Q,9
H22C,9
·H16C,9
—H52W,9
E310D,9
(W100S,9
H62A,9
 K20R,9
B2B,9
—H88B,9
R327K,9
K101R,9
C13E,9
H135A,9
S372A,9
—O42A,9
—N3D,9
K246Q,9
F402L,9
H7E,9
T162A,9
—C53A,9
(S36A,9
O8W,9
R172H,9
H18E,9
Ser30Pro,9
/G248A,9
H52B,9
-C110A,9
A399C,9
C50A,9
F13A,9
B19V,9
D168V,9
—C22X,9
(H242A,9
G13C,9
G79A,9
F63P,9
/M159V,9
—C42B,9
V0A,9
Cfr10I,9
E280A,9
T2538R,9
L30E,9
R155C,9
O3W,9
H22D,9
A2142G,9
K106Q,9
—C36A,9
L10V,9
-Y2H,9
/Y225A,9
H80R,9
(G1691A,9
G246A,9
T617A,9
M9I,9
B6C,9
/D73A,9
∶H2O,9
E76A,9
I296L,9
Y641F,9
H50A,9
R753Q,9
A131G,9
A5S,9
-U3D,9
N10B,9
(S768I,9
R3A,9
-Val158Met,9
—C32B,9
P241L,9
H16D,9
V325D,9
(F50A,9
(B6J,9
-Kif1A,9
R1441G,9
N332Q,9
Y25D,9
-C300A,9
E299Q,9
/E4908A,9
-K79E,9
E33A,9
W99R,9
Uba1B,9
-S6R,9
R117H,9
T34A,9
C282Y,9
(Gly4Ser,9
E3N,9
—H61C,9
F4A,9
R49C,9
L110F,9
L50A,9
T262C,9
:P200F,9
W115A,9
H6S,9
M129M,9
Y445S,9
–R1P,9
N24B,9
P4501A,9
A49T,9
-C131S,9
(D304A,9
[C2139Y,9
S8F,9
C2087T,9
Omp1X,9
(M6G,9
·H7A,9
S15B,9
—S2A,9
-K409A,9
S35A,9
(S35G,9
-Y14F,9
R127H,9
C22E,9
-U3H,9
/G12P,9
H46C,9
)S176A,9
-N18A,8
B4S,8
/R722W,8
C17E,8
(Pro12Ala,8
L59A,8
)M178E,8
-K310E,8
L1014C,8
F5A,8
S167N,8
T436K,8
/E747K,8
T261C,8
/F21H,8
C1D,8
/L21D,8
E81A,8
/W110A,8
C12M,8
—H68C,8
F43S,8
L16R,8
[S2P,8
C14A,8
V342M,8
E2B,8
-Y707A,8
Hec50A,8
L210W,8
P3C,8
Y5R,8
C21C,8
C26D,8
C51A,8
V600K,8
/K7R,8
G21C,8
F137L,8
-D19C,8
E120A,8
H26D,8
R371H,8
W232R,8
[H2O,8
R176H,8
S623R,8
K22D,8
—H23K,8
M205C,8
(R24C,8
T364I,8
F108A,8
O12A,8
-H1095N,8
N87K,8
-R447A,8
(A437G,8
/R151H,8
-N185A,8
—H8D,8
T301C,8
(S7C,8
C23X,8
/I94C,8
",V407E",8
-Tsp86D,8
K271E,8
Ile172Val,8
V537A,8
I291A,8
M415V,8
H39C,8
/I1575A,8
W741C,8
Y653A,8
–S3F,8
—H31W,8
·H11A,8
—C28E,8
V77I,8
R206H,8
Ile329C,8
Ile434C,8
A78D,8
I44A,8
(T899D,8
Jon25Bii,8
Jon74E,8
—H11G,8
C65A,8
-W228A,8
/Tyr309Ala,8
S3K,8
I62V,8
(G12A,8
T183A,8
Q4201R,8
—H14G,8
I27L,8
W436L,8
H17D,8
B5R,8
S492A,8
D356A,8
H21F,8
Y110A,8
T91P,8
R82L,8
Arg274Trp,8
Atg16L,8
S2A,8
L33I,8
D5R,8
—C16X,8
Y23A,8
(T899A,8
Ser608Leu,8
H23C,8
(A1*,8
L2063X,8
+V59A,8
Ser315Thr,8
H61A,8
—C38B,8
T2T,8
Klp61F,8
H65A,8
M159V,8
F4B,8
/S226D,8
R17C,8
L123R,8
C16Cer,8
C51B,8
 S4G,8
(Fig6C,8
–L54S,8
H44B,8
C24X,8
/A53T,8
N120P,8
/F21Pal,8
—C11C,8
/L514F,8
/M314L,8
/R92M,8
L6D,8
L83R,8
E260C,8
O14B,8
C27E,8
—H2M,8
K2P,8
(P253R,8
/K141E,8
)F309A,8
Cry21A,8
T27N,8
—H43F,8
-T67A,8
(R6G,8
D12A,8
C19C,8
F2B,8
P260L,8
R175P,8
H3B,8
O4X,8
Y39A,8
T2O,8
-K41A,8
W359F,8
D161N,8
C35A,8
G533C,8
—H67A,8
S62A,8
H55B,8
—H32F,8
—O18W,8
G1896A,8
R132S,8
E1099K,8
C1D,8
(L5F,8
/V434M,8
—C6C,8
T181A,8
V394D,8
V162M,8
—H24H,8
(S8C,8
L196C,8
E60I,8
Arg77A,8
C176F,8
(G17A,8
·O2A,8
-C677T,8
-S422D,8
-R30D,8
D708A,8
H34C,8
F4U,8
E203Q,8
P66Shc,8
C31A,8
O2S,8
O1X,8
T47D,8
/E774K,8
S719E,8
E62A,8
A400D,8
·H4Bii,8
C39B,8
A245A,8
R552H,8
(D60A,8
H681Y,8
H53A,8
Euk1A,8
S220T,8
-E99Q,8
—H03A,8
—H13I,8
Cyp3A,8
T1K,8
N438D,8
D70A,8
C4D,8
L82R,8
+K568A,8
(M8I,8
I306C,8
Tyr402Phe,8
 H2O,8
·O1Wiv,8
S347A,8
S287G,8
H11E,8
X3C,8
Asp293Ala,8
L8R,8
(I375V,8
/T790M,8
K969M,8
>Cbp53E,8
—H83C,8
—H91C,8
-S38A,8
S550A,8
Q2L,8
)F313A,8
P56C,8
+U193C,8
—O43A,8
–S4D,8
G59S,8
—H18S,8
N200L,8
G1681A,8
V59H,8
K529E,8
H12D,8
(P4P,8
Y336T,8
Phr1Mag,8
-L5P,8
/Y18A,8
—C24X,8
S004L,8
C2S,8
—H20L,8
N375S,8
P6A,8
-R24C,8
/E156K,8
H26D,8
:O1P,8
S182A,8
)W219A,8
A01B,8
N102S,8
H11F,8
H93C,8
N35A,8
I85V,8
—H21G,8
—H23H,8
H17D,8
A89C,8
L669S,8
Cry1I,8
-Y335A,8
Val88Ile,8
O2W,8
W609A,8
C17D,8
C26E,8
R400C,8
(Apo2L,8
D66A,8
T286D,8
T4D,8
S13D,8
I147X,8
(S5E,8
(Q48R,8
—H15G,8
T215S,8
(A2756G,8
E90A,8
W515L,8
/D249A,8
-H1B,8
Y177A,8
K376R,8
E6A,8
G31R,8
H7D,8
Y685A,8
M184X,8
S449P,8
·O3W,8
N31B,8
S11D,8
Y106C,8
T231S,8
F2H,8
H51Y,8
F3A,8
G259C,8
/D187A,8
O4X,8
—H25H,8
S263P,8
(Fig4A,8
E1665R,8
S289A,8
C13X,8
R24C,8
N528A,8
M21P,8
(E542K,8
(G12C,8
Thr353Ile,8
-D100A,8
Gly54Asp,8
C522A,8
/K3D,8
C2E,8
A2B,8
(Q3G,8
+C80U,8
T179L,8
H4H,8
–S4F,8
R25Q,8
/Y686F,8
/E138D,8
B5C,8
(C3D,8
/K403A,8
",F313Y",8
—C19E,8
Gly972Arg,8
(T179L,8
I13V,8
S140C,8
—H19H,8
Rtn3C,8
(C16G,8
H14E,8
—C5X,8
D400A,8
H1D,8
—N24B,8
·H4B,8
K295M,8
H189D,8
+S1141D,8
D5P,8
—C16E,8
/R274Q,8
C25C,8
E113C,8
/R19A,8
Arg299His,8
C250T,8
E71A,8
E24D,8
/R122A,8
·H16B,8
C2C,8
T1S,8
–S7D,8
Tcf4R,8
/F109A,8
T156A,8
O5X,8
—H16L,8
/L90M,8
E171A,8
—H2S,8
H18F,8
(N10O,8
G48E,8
-M10A,8
M460I,8
Npc2D,8
H25D,8
—N24A,8
‐H4F,8
H44C,8
H26E,8
C24C,8
D50A,8
Cry1B,8
H04H,8
(S719E,8
R83H,8
P3C,8
R238K,8
-O1P,8
F610A,8
P2U,8
(V599E,8
L125C,8
—H3M,8
-R1140A,8
C32A,8
K9J,8
—H42F,8
D182N,8
G315C,8
-Lin28B,8
F186A,8
∶D1R,8
—H84E,8
—C5D,8
—H16G,8
D100A,8
K305R,8
/K192A,8
–E2P,8
(W129L,8
L330F,8
S180C,8
G1196A,8
/Y317A,8
(L324G,8
-T4R,8
(M1V,8
-F1A,8
A360V,8
B4C,8
H55A,8
O14W,8
(Xyl10Awt,8
C61G,8
-Gal6P,8
Y143R,8
M314C,8
F1B,8
N4D,8
A112Y,8
Q179A,8
A2063G,8
Y361W,8
V600K,8
H4W,8
O2A,8
Ile394Thr,8
)X3F,8
Q109X,8
O41A,8
 S1H,8
B22R,8
/L154A,8
Y542F,8
G3M,8
H25E,7
E300K,7
(R36A,7
T262C,7
-K428C,7
A52R,7
H4A,7
F219S,7
Spo0A,7
-G211S,7
M109I,7
D150A,7
I54N,7
(L861Q,7
(P4H,7
P300L,7
Arg389Gly,7
D144E,7
(T24N,7
I187C,7
—H67B,7
T74S,7
(R2Y,7
Thr325Ile,7
D207N,7
H54R,7
—D1C,7
/K22P,7
Q179K,7
G09G,7
Rab27B,7
G106R,7
",K375A",7
-R4F,7
H46B,7
Apg16L,7
-E310A,7
H64A,7
—H22H,7
-S1177A,7
-X11L,7
B6J,7
M694I,7
X3M,7
R280M,7
/E363G,7
-N3Leu,7
A3A,7
/M2R,7
A46R,7
(W129F,7
-E47K,7
H66A,7
C22C,7
/W76R,7
G4L,7
R283D,7
—H7O,7
M918T,7
His211Tyr,7
H52A,7
S201A,7
(D5P,7
C360S,7
H13E,7
K536M,7
T219C,7
His391Tyr,7
—H18H,7
C667T,7
G305S,7
-Lgr5Cre,7
(K258D,7
L99F,7
F6B,7
C587A,7
W382F,7
T159A,7
—O6W,7
O9A,7
/R730C,7
M1646T,7
D593V,7
O2E,7
(Fig1A,7
A181T,7
V107V,7
W7A,7
S427G,7
H04M,7
-M3R,7
I2I,7
G73A,7
H23E,7
N1S,7
C2M,7
",Y724A",7
/S719A,7
B38S,7
N48H,7
—H16K,7
A2E,7
I572L,7
N275C,7
⋯O1Wiv,7
T288V,7
-N55218Q,7
*S1779C,7
E233K,7
H17E,7
C10D,7
R1092W,7
S18A,7
R47H,7
-C4B,7
R262D,7
T381*,7
F2B,7
(P2Y,7
V226W,7
G84E,7
E387K,7
T43A,7
S1K,7
C292A,7
A146T,7
(W1416C,7
—H17L,7
P12A,7
G707A,7
M3D,7
R778L,7
-E2A,7
R368H,7
N52A,7
C88R,7
I271C,7
O7A,7
 S8A,7
Y419F,7
(Q2Y,7
C28A,7
Bpu1102I,7
C314A,7
H19E,7
L5L,7
·H3A,7
—H45E,7
S303A,7
S1R,7
E99A,7
—O13A,7
C138A,7
(C459S,7
F331W,7
A33P,7
T2C,7
/Y90F,7
W233V,7
D120A,7
H53B,7
—H26L,7
-H322M,7
-D3A,7
I1A,7
Cry1C,7
—H2Y,7
(P3G,7
-R60A,7
—H72A,7
—H10H,7
D394N,7
P91S,7
H51A,7
G6P,7
–C156S,7
(H2N,7
—H12H,7
Q195A,7
V867M,7
C1156Y,7
R344A,7
—H8W,7
/S205698901501422X,7
T23T,7
E299S,7
I1196T,7
C13S,7
Y503F,7
-Q100R,7
Asn141His,7
C5D,7
R1441C,7
Vps16B,7
C1431T,7
L74S,7
R89A,7
H6H,7
-D436A,7
A889T,7
T895I,7
I74T,7
D11S,7
C6D,7
(T276A,7
H49A,7
—H87B,7
/B6J,7
E347G,7
O42A,7
C26A,7
K284A,7
C6H,7
L541P,7
L792F,7
H41B,7
Ile329E,7
W756C,7
L199C,7
T185S,7
—C52B,7
-Ser5P,7
—C36B,7
H1047L,7
V354C,7
H03J,7
I572N,7
—H10L,7
D779A,7
-D35A,7
L324F,7
D164H,7
(C3A,7
E74B,7
R206C,7
Y5S,7
/C7A,7
Scn5A,7
;S231N,7
V617F,7
—H4E,7
B4B,7
F93Y,7
L338C,7
R46E,7
T7510C,7
L135C,7
S116D,7
T6P,7
N668S,7
/L33F,7
/D328A,7
Q89R,7
D108N,7
H16E,7
C17X,7
(Arg72Pro,7
Top10F,7
—H42W,7
C6X,7
(Y418H,7
K14A,7
S65T,7
/C111S,7
L132G,7
K14D,7
P4P,7
/G213E,7
R225Q,7
V106A,7
W748S,7
F5B,7
—H20K,7
—H24G,7
S1T,7
S16B,7
V120I,7
T203I,7
—O15W,7
F1000Res,7
/T78A,7
D30N,7
T167A,7
Pro12Ala,7
/K262C,7
T1A,7
H49A,7
/S170A,7
G1039A,7
(Y681H,7
D210A,7
W3C,7
(A573D,7
V5R,7
(M46A,7
Q31L,7
",K377A",7
/C296A,7
S81F,7
H8F,7
—N6D,7
(M146L,7
(T1767E,7
—H68A,7
—C6D,7
F204S,7
P113S,7
H15E,7
—C39B,7
/Y53A,7
(R68E,7
K32A,7
(S2E,7
C1X,7
P3A,7
—H86B,7
S100P,7
Y371A,7
—H84D,7
[A181E,7
N1C,7
(S7E,7
P75L,7
(P2P,7
B3B,7
L241A,7
H13D,7
S50A,7
/A432C,7
(H2Bub,7
G1968A,7
-Tag2A,7
F232M,7
H8E,7
C7C,7
",Y183A",7
O42A,7
R275T,7
/F186A,7
-C65A,7
/S304A,7
M3B,7
E312D,7
/E166A,7
/C65A,7
H11E,7
N279K,7
S473D,7
H17E,7
R201H,7
S969A,7
C635A,7
(M4M,7
T172R,7
I176C,7
",E288A",7
Y654E,7
(G79A,7
Y101N,7
/C11B,7
-E2R,7
—H58B,7
G2D,7
H39B,7
G465E,7
E104G,7
R212S,7
—O7W,7
(H126N,7
M337V,7
C7X,7
(Q61L,7
M4X,7
D1V,7
A80A,7
/N51I,7
(T41A,7
Y218P,7
D205A,7
G399A,7
Ala588Thr,7
/C33S,7
D336N,7
-R458X,7
C18C,7
A371V,7
-Lin28A,7
Ile50Val,7
L33A,7
Pkc98E,7
—C51B,7
A2058T,7
-A41L,7
K1098Q,7
F14C,7
—H59B,7
Pax2F,7
T439S,7
H121L,7
I107S,7
/P990R,7
—S1X,7
R344Q,7
D27A,7
O5X,7
—H2E,7
(E1C,7
(G12S,7
R82C,7
U25A,7
